4294967294,0
4294967294,68
4294967278,335
4294967278,231
4294967279,241
4294967278,362
4294967294,6
4294967278,322
4294967278,132
4294967278,331
4294967278,131
4294967278,440
4294967278,130
4294967278,358
4294967278,129
4294967278,402
4294967278,128
4294967278,127
4294967278,290
4294967278,126
4294967278,125
4294967278,337
4294967278,124
4294967278,123
4294967278,122
4294967278,121
4294967278,120
4294967278,391
4294967278,119
4294967278,356
4294967278,118
4294967278,117
4294967278,298
4294967278,116
4294967278,115
4294967278,114
4294967278,113
4294967278,112
4294967278,111
4294967278,110
4294967278,109
4294967278,108
4294967278,424
4294967278,107
4294967278,106
4294967278,434
4294967278,105
4294967278,443
4294967278,104
4294967278,447
4294967278,103
4294967278,428
4294967278,102
4294967278,101
4294967278,426
4294967278,100
4294967278,99
4294967278,288
4294967278,98
4294967278,97
4294967278,96
4294967278,95
4294967278,94
4294967278,93
4294967278,92
4294967278,412
4294967278,91
4294967278,352
4294967278,90
4294967278,89
4294967278,284
4294967278,87
4294967278,86
4294967278,85
4294967278,84
4294967278,83
4294967278,82
4294967278,81
4294967278,80
4294967278,79
4294967278,330
4294967278,75
4294967278,74
4294967278,73
4294967278,72
4294967278,439
4294967278,71
4294967278,349
4294967278,70
4294967278,384
4294967278,69
4294967278,310
4294967278,68
4294967278,67
4294967278,399
4294967278,66
4294967278,65
4294967278,64
4294967278,63
4294967278,62
4294967278,61
4294967278,260
4294967278,348
4294967279,282
4294967279,82
4294967279,81
4294967279,80
4294967279,74
4294967279,572
4294967279,71
4294967279,397
4294967279,65
4294967279,62
4294967279,60
4294967279,57
4294967279,390
4294967279,53
4294967279,51
4294967279,50
4294967279,48
4294967279,430
4294967279,293
4294967279,45
4294967279,422
4294967279,39
4294967279,38
4294967279,515
4294967279,36
4294967279,410
4294967279,33
4294967279,292
4294967279,30
4294967279,29
4294967279,523
4294967279,28
4294967279,25
4294967279,289
4294967279,20
4294967279,566
4294967279,425
4294967279,18
4294967279,552
4294967279,17
4294967279,389
4294967279,405
4294967279,11
4294967279,261
4294967279,10
4294967279,9
4294967279,8
4294967279,7
4294967279,6
4294967279,0
4294967279,260
4294967279,304
4294967279,5
4294967279,411
4294967279,4
4294967279,79
4294967279,573
4294967278,78
4294967278,77
4294967278,409
4294967279,408
4294967294,1426
4294967278,76
4294967278,400
4294967278,188
4294967279,305
4294967278,187
4294967279,188
4294967278,186
4294967279,187
0,5
4294967278,185
4294967278,378
4294967279,434
4294967279,428
6074,6
6074,5
6074,4
6074,3
6074,2
6074,1
4294967278,422
4294967294,509
4294967279,297
4294967278,377
6071,6
6071,5
6071,4
6071,3
6071,2
6071,1
4294967278,376
4294967278,374
6068,7
6068,6
6068,5
6068,4
6068,3
6068,2
6068,1
4294967279,427
4294967279,424
6065,7
4294967278,373
4294967279,548
4294967278,372
6065,6
6065,5
6065,4
6065,3
6065,2
6065,1
4294967279,423
4294967279,420
4294967278,370
6062,5
6062,4
6062,3
6062,2
6062,1
4294967279,417
4294967279,416
6061,5
6061,4
6061,3
6061,2
6061,1
4294967279,414
6059,6
6059,5
6059,4
6059,3
6059,2
6059,1
6058,5
6058,4
6058,3
6058,2
6058,1
6057,5
6057,4
6057,3
6057,2
6057,1
4294967278,366
4294967294,508
4294967278,365
6056,5
6056,4
6056,3
6056,2
6056,1
6055,4
6055,3
6055,2
6055,1
4294967278,344
4294967278,414
4294967278,401
4294967294,470
4294967278,429
4294967293,131
4294967293,130
4294967293,129
4294967293,128
4294967293,127
4294967293,126
4294967293,125
4294967293,124
4294967293,123
4294967293,122
4294967293,121
4294967293,120
4294967293,119
4294967293,118
4294967293,117
4294967293,116
4294967293,115
4294967293,114
4294967293,113
4294967293,112
4294967293,111
4294967293,110
4294967293,109
4294967293,108
4294967293,107
4294967293,106
4294967293,105
4294967293,104
4294967293,103
4294967293,102
4294967293,101
4294967293,100
4294967293,99
4294967293,98
4294967293,97
4294967293,96
4294967293,95
4294967293,94
4294967293,93
4294967293,92
4294967293,91
4294967293,90
4294967293,89
4294967293,88
4294967293,87
4294967293,86
4294967293,85
4294967293,84
4294967293,83
4294967293,82
4294967293,81
4294967293,80
4294967293,79
4294967293,78
4294967293,77
4294967293,76
4294967293,75
4294967293,74
4294967293,73
4294967293,72
4294967293,71
4294967293,70
4294967293,69
4294967293,68
4294967293,67
4294967293,66
4294967293,65
4294967293,64
4294967293,63
